9
357648912
216539748
948712536
521486397
463197285
789325164
632974851
174853629
895261473
263847159
514936278
987125364
645382917
139574826
872619543
658791632
791263485
326458791
123456789
234567891
345678912
456789123
567891234
678912345
789123456
891234567
912345678
111111111
111111111
111111111
111111111
111111111
111111111
111111111
111111111
111111111
123123123
456456456
789789789
123123123
456456456
789789789
123123123
456456456
789789789
125378946
378964215
496125837
269453178
841792653
537816492
912587364
653249781
784631529
537421896
694837215
218965743
169384527
825179364
743652189
486713952
972548631
351296478
537421896
694837215
218965743
169384527
825179364
743652189
486713952
972548631
421798653
673521489
958364217
182957364
349846175
567132928
236485791
795613842
814279536
351296487